(remove 2(6 2 10 7 4 2 3 2 9 6 ))
(remove 3(3 9 1 10 1 5 3 ))
(remove 1(2 10 4 10 9 ))
(remove 2(6 3 9 3 5 10 9 10 ))
(remove 2(2 2 7 5 4 ))
(remove 3(4 3 8 8 5 2 10 8 3 ))
(find-indices 4(3 9 3 1 2 3 3 8 3 2 7 5 2 ))
(find-indices 10(10 7 2 1 1 7 5 10 7 9 4 6 ))
(find-indices 6(1 4 1 2 8 1 5 1 3 2 ))
(find-indices 5(10 1 8 10 9 7 8 2 ))
(find-indices 9(10 3 10 8 3 3 6 10 10 6 6 10 9 5 ))
(find-indices 2(5 5 6 1 8 6 2 ))
(asum (12 -14 4 14 14 -11 -19 20 -10 ))
(asum (4 19 17 11 -10 ))
(asum (18 16 9 17 9 8 ))
(asum (-18 -1 3 -19 -6 -6 -12 9 20 2 8 -3 20 7 ))
(asum (-18 -5 16 -5 8 2 ))
(asum (-15 -4 -20 -16 10 -16 -6 -13 -9 ))
(square (-4 4 -2 8 3 -6 -16 6 5 19 10 -5 ))
(square (12 14 -5 16 3 10 14 ))
(square (15 6 12 5 -11 4 -12 -13 -11 8 13 -10 8 -2 ))
(square (12 -8 -4 -9 -18 -17 4 -4 12 -14 17 -13 -9 -10 ))
(square (19 -18 15 -20 -8 6 -1 -19 13 12 ))
(square (-12 -13 20 2 8 -19 ))
(square (-7 -13 -18 -11 15 12 3 -6 10 18 ))
